4 0.3 0.880556 0.3 0.888889 0.296094 0.909722 0.301562 0.919444 0.304688 0.920833 0.307812 0.926389 0.314844 0.923611 0.317969 0.926389 0.332812 0.930556 0.333594 0.933333 0.336719 0.933333 0.338281 0.936111 0.348438 0.936111 0.35 0.930556 0.354688 0.926389 0.354688 0.919444 0.357031 0.915278 0.357031 0.905556 0.353125 0.9 0.34375 0.894444 0.342188 0.890278 0.335938 0.883333 0.313281 0.873611 0.305469 0.875
0 0.288281 0.548611 0.285938 0.544444 0.278906 0.544444 0.275 0.548611 0.2625 0.548611 0.25625 0.552778 0.230469 0.551389 0.230469 0.579167 0.234375 0.581944 0.2375 0.591667 0.275 0.593056 0.277344 0.5875 0.279688 0.5875 0.283594 0.579167 0.2875 0.576389 0.289062 0.563889 0.2875 0.552778
4 0.301562 0.511111 0.3 0.511111 0.301562 0.513889 0.300781 0.516667 0.296875 0.515278 0.296094 0.518056 0.294531 0.518056 0.292969 0.515278 0.291406 0.520833 0.292969 0.530556 0.294531 0.530556 0.296094 0.534722 0.302344 0.533333 0.303906 0.522222 0.297656 0.511111 0.297656 0.5125 0.298438 0.5125 0.298438 0.511111 0.292188 0.511111 0.292969 0.5125 0.296094 0.5125 0.296094 0.511111 0.295312 0.511111 0.294531 0.5125 0.292969 0.5125
4 0.311719 0.4875 0.310938 0.501389 0.3125 0.504167 0.3125 0.509722 0.314844 0.5125 0.321875 0.511111 0.325 0.513889 0.325781 0.501389 0.323438 0.493056 0.320312 0.4875
0 0.590625 0.544444 0.589844 0.552778 0.591406 0.55 0.33125 0.534722 0.329688 0.5375 0.330469 0.540278 0.332812 0.5375 0.447656 0.405556 0.445312 0.404167 0.44375 0.398611 0.440625 0.398611 0.439062 0.408333 0.435156 0.411111 0.446094 0.408333 0.588281 0.408333 0.585938 0.401389 0.58125 0.402778 0.576562 0.4 0.571094 0.391667 0.565625 0.388889 0.551562 0.376389 0.547656 0.370833 0.545312 0.370833 0.540625 0.365278 0.521875 0.351389 0.507812 0.354167 0.492188 0.361111 0.472656 0.373611 0.46875 0.373611 0.455469 0.381944 0.442188 0.386111 0.422656 0.411111 0.417969 0.413889 0.410938 0.423611 0.4 0.433333 0.394531 0.441667 0.39375 0.445833 0.389844 0.451389 0.386719 0.463889 0.375 0.494444 0.371094 0.511111 0.3625 0.531944 0.360156 0.543056 0.35625 0.552778 0.354688 0.561111 0.355469 0.5625 0.353125 0.570833 0.349219 0.573611 0.34375 0.573611 0.335938 0.561111 0.328906 0.554167 0.326562 0.554167 0.325781 0.559722 0.333594 0.572222 0.333594 0.577778 0.332031 0.580556 0.325 0.581944 0.316406 0.590278 0.302344 0.594444 0.294531 0.594444 0.291406 0.597222 0.297656 0.597222 0.3 0.601389 0.305469 0.602778 0.3125 0.601389 0.314062 0.605556 0.321875 0.604167 0.324219 0.606944 0.34375 0.609722 0.348438 0.6125 0.351562 0.611111 0.353906 0.613889 0.370312 0.613889 0.378906 0.601389 0.378125 0.6 0.379688 0.594444 0.379688 0.580556 0.378125 0.569444 0.374219 0.566667 0.367969 0.566667 0.363281 0.569444 0.359375 0.563889 0.359375 0.559722 0.363281 0.552778 0.364062 0.541667 0.380469 0.488889 0.389844 0.465278 0.391406 0.456944 0.402344 0.438889 0.420312 0.420833 0.430469 0.413889 0.428125 0.411111 0.438281 0.395833 0.441406 0.395833 0.44375 0.391667 0.445312 0.391667 0.446875 0.395833 0.449219 0.397222 0.452344 0.390278 0.495312 0.365278 0.504687 0.3625 0.511719 0.355556 0.514844 0.355556 0.516406 0.358333 0.521094 0.356944 0.527344 0.3625 0.533594 0.363889 0.542969 0.375 0.546094 0.375 0.550781 0.380556 0.560156 0.386111 0.5625 0.391667 0.578906 0.405556 0.583594 0.413889 0.585156 0.422222 0.584375 0.431944 0.586719 0.443056 0.585156 0.459722 0.588281 0.476389 0.586719 0.480556 0.5875 0.508333 0.589062 0.515278 0.588281 0.525 0.589844 0.527778 0.589062 0.534722 0.590625 0.540278 0.591406 0.5 0.589844 0.495833 0.590625 0.483333 0.588281 0.473611 0.589844 0.468056 0.589844 0.425 0.586719 0.415278
2 0.525781 0.559722 0.526562 0.576389 0.528125 0.576389 0.528125 0.561111
2 0.589844 0.573611 0.588281 0.573611 0.589062 0.575 0.5875 0.577778 0.589062 0.580556 0.5875 0.581944 0.5875 0.584722 0.589062 0.586111 0.588281 0.593056 0.589844 0.591667 0.589062 0.584722 0.590625 0.579167 0.588281 0.576389
2 0.605469 0.576389 0.601562 0.577778 0.600781 0.5875 0.602344 0.5875
2 0.613281 0.570833 0.611719 0.572222 0.6125 0.583333 0.614844 0.576389
4 0.574219 0.322222 0.572656 0.315278 0.563281 0.316667 0.559375 0.320833 0.560156 0.322222 0.558594 0.325 0.555469 0.326389 0.557812 0.326389 0.559375 0.329167 0.569531 0.329167 0.570312 0.326389 0.574219 0.326389
0 0.624219 0.313889 0.624219 0.325 0.627344 0.327778 0.629688 0.323611 0.630469 0.326389 0.628906 0.327778 0.679688 0.331944 0.679688 0.322222 0.669531 0.319444 0.669531 0.322222 0.667188 0.323611 0.667188 0.319444 0.660156 0.320833 0.649219 0.318056 0.648438 0.320833 0.644531 0.322222 0.642188 0.319444 0.638281 0.319444 0.633594 0.3125 0.632031 0.318056 0.63125 0.311111 0.627344 0.309722 0.626562 0.313889