0 0.614062 0.418056 0.614062 0.430556 0.615625 0.434722 0.619531 0.434722 0.619531 0.443056 0.63125 0.440278 0.638281 0.444444 0.640625 0.441667 0.644531 0.441667 0.641406 0.440278 0.64375 0.4375 0.646875 0.4375 0.642969 0.427778 0.646094 0.427778 0.646094 0.422222 0.619531 0.422222 0.617188 0.418056
0 0.608594 0.413889 0.609375 0.431944 0.614844 0.430556 0.617188 0.425 0.617969 0.415278
0 0.070312 0.486111 0.070312 0.505556 0.074219 0.506944 0.074219 0.511111 0.072656 0.513889 0.075781 0.513889 0.075781 0.508333 0.078906 0.508333 0.080469 0.504167 0.082031 0.505556 0.08125 0.5125 0.088281 0.508333 0.095312 0.509722 0.095312 0.490278 0.071094 0.490278
0 0.125781 0.505556 0.125 0.515278 0.126562 0.5375 0.128906 0.543056 0.132031 0.544444 0.133594 0.541667 0.132812 0.506944
0 0.144531 0.445833 0.144531 0.447222 0.145312 0.447222 0.145312 0.445833 0.11875 0.391667 0.115625 0.398611 0.11875 0.468056 0.11875 0.518056 0.117969 0.527778 0.116406 0.531944 0.116406 0.543056 0.114844 0.545833 0.115625 0.597222 0.117969 0.640278 0.117969 0.683333 0.115625 0.6875 0.109375 0.690278 0.10625 0.698611 0.10625 0.713889 0.109375 0.736111 0.109375 0.75 0.114062 0.752778 0.115625 0.748611 0.117969 0.748611 0.121875 0.756944 0.121875 0.761111 0.126562 0.759722 0.128906 0.768056 0.136719 0.768056 0.139844 0.759722 0.142969 0.759722 0.144531 0.756944 0.146094 0.743056 0.146094 0.713889 0.144531 0.704167 0.141406 0.695833 0.136719 0.694444 0.135156 0.683333 0.135156 0.666667 0.13125 0.6125 0.129688 0.555556 0.128125 0.544444 0.124219 0.536111 0.121875 0.444444 0.120312 0.436111 0.121094 0.429167
0 0.2625 0.529167 0.261719 0.575 0.263281 0.580556 0.263281 0.556944 0.264844 0.554167 0.265625 0.547222 0.267188 0.548611 0.267188 0.552778 0.267188 0.534722 0.265625 0.536111 0.263281 0.501389 0.261719 0.508333 0.2625 0.516667 0.264062 0.509722 0.267188 0.466667 0.264844 0.475 0.265625 0.480556 0.263281 0.481944 0.261719 0.4875 0.260938 0.481944 0.260156 0.484722 0.260938 0.493056 0.261719 0.4875 0.265625 0.491667 0.264062 0.495833 0.2625 0.494444 0.2625 0.497222 0.266406 0.495833 0.267969 0.490278 0.267188 0.481944 0.26875 0.479167 0.26875 0.470833 0.260156 0.448611 0.260156 0.476389 0.260156 0.475 0.260938 0.473611 0.260938 0.468056 0.260156 0.466667 0.266406 0.426389 0.265625 0.431944 0.267188 0.430556 0.288281 0.302778 0.286719 0.313889 0.286719 0.327778 0.285156 0.331944 0.285156 0.3875 0.28125 0.393056 0.28125 0.398611 0.282812 0.4 0.282812 0.406944 0.284375 0.409722 0.282031 0.430556 0.282812 0.436111 0.280469 0.440278 0.277344 0.438889 0.275781 0.444444 0.276562 0.45 0.275 0.451389 0.276562 0.463889 0.276562 0.541667 0.273438 0.547222 0.273438 0.563889 0.270312 0.569444 0.269531 0.566667 0.267969 0.569444 0.267188 0.568056 0.26875 0.570833 0.267969 0.584722 0.266406 0.586111 0.265625 0.583333 0.265625 0.5875 0.264062 0.5875 0.264844 0.590278 0.260156 0.598611 0.260938 0.619444 0.2625 0.619444 0.266406 0.626389 0.26875 0.625 0.273438 0.630556 0.28125 0.629167 0.282031 0.634722 0.284375 0.630556 0.288281 0.631944 0.291406 0.623611 0.291406 0.6125 0.288281 0.609722 0.289062 0.604167 0.2875 0.588889 0.2875 0.525 0.285938 0.513889 0.285938 0.488889 0.288281 0.480556
0 0.446875 0.75 0.446875 0.751389 0.447656 0.75 0.444531 0.508333 0.4375 0.511111 0.433594 0.515278 0.428906 0.513889 0.427344 0.551389 0.425 0.5625 0.426562 0.568056 0.426562 0.608333 0.425 0.626389 0.423438 0.631944 0.419531 0.634722 0.408594 0.627778 0.402344 0.630556 0.4 0.625 0.397656 0.626389 0.392969 0.618056 0.388281 0.618056 0.383594 0.611111 0.383594 0.604167 0.379688 0.602778 0.378906 0.725 0.386719 0.733333 0.386719 0.741667 0.392188 0.743056 0.39375 0.745833 0.392969 0.748611 0.395312 0.75 0.396094 0.7625 0.40625 0.773611 0.414062 0.779167 0.422656 0.779167 0.421875 0.763889 0.426562 0.756944 0.426562 0.75 0.429688 0.75 0.432031 0.754167 0.441406 0.752778 0.444531 0.736111 0.442969 0.738889 0.441406 0.736111 0.442188 0.733333 0.440625 0.727778 0.444531 0.727778 0.445312 0.719444 0.446875 0.719444 0.446875 0.723611 0.45 0.711111 0.450781 0.7 0.449219 0.697222 0.449219 0.684722 0.448438 0.686111 0.447656 0.680556 0.445312 0.677778 0.444531 0.679167 0.442188 0.675 0.440625 0.647222 0.439062 0.641667 0.441406 0.572222 0.440625 0.569444 0.44375 0.555556 0.446875 0.530556 0.446875 0.516667
0 0.167969 0.884722 0.166406 0.888889 0.164844 0.888889 0.165625 0.894444 0.167188 0.894444 0.167188 0.869444 0.165625 0.873611 0.165625 0.879167 0.167969 0.879167 0.16875 0.881944 0.170312 0.879167 0.171094 0.870833 0.169531 0.872222 0.16875 0.85 0.166406 0.859722 0.167188 0.865278 0.16875 0.855556 0.171094 0.859722 0.171094 0.865278 0.172656 0.865278 0.174219 0.856944 0.185938 0.8625 0.189062 0.870833 0.184375 0.872222 0.182812 0.876389 0.183594 0.879167 0.185156 0.876389 0.186719 0.877778 0.185156 0.883333 0.185156 0.897222 0.189062 0.919444 0.192188 0.919444 0.194531 0.916667 0.203906 0.918056 0.20625 0.920833 0.221094 0.915278 0.227344 0.908333 0.227344 0.869444 0.225781 0.854167 0.222656 0.858333 0.217188 0.859722 0.214844 0.8625 0.208594 0.861111 0.202344 0.865278 0.203125 0.894444 0.200781 0.902778 0.199219 0.9 0.199219 0.869444 0.195312 0.856944 0.190625 0.859722 0.178125 0.851389 0.176562 0.852778 0.171875 0.847222
2 0.189844 0.622222 0.1875 0.623611 0.189062 0.630556 0.189062 0.638889 0.190625 0.626389 0.189062 0.627778 0.188281 0.623611
2 0.186719 0.606944 0.1875 0.615278 0.188281 0.611111
2 0.334375 0.55 0.333594 0.563889 0.335938 0.563889 0.336719 0.551389